    8.76149E-01   -6.64471E-02   -2.99879E-03       6.61001E+02    4.64348E+02    2.76868E+01       2.97697E+03    2.50697E+03    9.02611E+01
    8.76383E-01   -6.63773E-02   -3.04299E-03       6.58943E+02    4.62513E+02    2.81199E+01       2.97039E+03    2.49374E+03    9.35409E+01
    8.76670E-01   -6.63596E-02   -3.07601E-03       6.56437E+02    4.61112E+02    2.84630E+01       2.96197E+03    2.48216E+03    9.64957E+01
    8.76911E-01   -6.62962E-02   -3.11877E-03       6.54161E+02    4.59496E+02    2.88516E+01       2.95408E+03    2.47014E+03    9.95680E+01
    8.77188E-01   -6.62726E-02   -3.15344E-03       6.51762E+02    4.58047E+02    2.92049E+01       2.94578E+03    2.45872E+03    1.02520E+02
    8.77462E-01   -6.62412E-02   -3.19041E-03       6.49209E+02    4.56721E+02    2.95412E+01       2.93715E+03    2.44738E+03    1.05516E+02
    8.77747E-01   -6.62394E-02   -3.21991E-03       6.46715E+02    4.55532E+02    2.98340E+01       2.92853E+03    2.43661E+03    1.08363E+02
    8.78014E-01   -6.62087E-02   -3.25614E-03       6.44312E+02    4.54128E+02    3.01816E+01       2.92030E+03    2.42524E+03    1.11368E+02
    8.78261E-01   -6.61700E-02   -3.29385E-03       6.42085E+02    4.52629E+02    3.05488E+01       2.91302E+03    2.41332E+03    1.14493E+02
    8.78515E-01   -6.61481E-02   -3.32792E-03       6.39760E+02    4.51339E+02    3.08688E+01       2.90549E+03    2.40194E+03    1.17520E+02
    8.78743E-01   -6.61338E-02   -3.35599E-03       6.37589E+02    4.50132E+02    3.11382E+01       2.89807E+03    2.39149E+03    1.20224E+02
    8.79053E-01   -6.61470E-02   -3.38608E-03       6.34819E+02    4.49159E+02    3.14155E+01       2.88821E+03    2.38184E+03    1.23041E+02
    8.79326E-01   -6.61559E-02   -3.41203E-03       6.32466E+02    4.48022E+02    3.16875E+01       2.87982E+03    2.37151E+03    1.25860E+02
    8.79627E-01   -6.61606E-02   -3.44240E-03       6.29625E+02    4.47140E+02    3.19319E+01       2.87018E+03    2.36167E+03    1.28678E+02
    8.79972E-01   -6.62231E-02   -3.45946E-03       6.26620E+02    4.46565E+02    3.21038E+01       2.85940E+03    2.35336E+03    1.31168E+02
    8.80208E-01   -6.62049E-02   -3.48737E-03       6.24307E+02    4.45530E+02    3.23086E+01       2.84951E+03    2.34535E+03    1.33312E+02
    8.80544E-01   -6.62881E-02   -3.49057E-03       6.21250E+02    4.45282E+02    3.23166E+01       2.83822E+03    2.33910E+03    1.34947E+02
    8.80900E-01   -6.63949E-02   -3.48898E-03       6.17933E+02    4.45580E+02    3.21817E+01       2.82580E+03    2.33467E+03    1.36146E+02
    8.81239E-01   -6.64800E-02   -3.49214E-03       6.14875E+02    4.45323E+02    3.21948E+01       2.81398E+03    2.32888E+03    1.37721E+02
    8.81472E-01   -6.64689E-02   -3.51492E-03       6.12495E+02    4.44499E+02    3.23179E+01       2.80452E+03    2.32115E+03    1.39663E+02
    8.81804E-01   -6.65658E-02   -3.51293E-03       6.09466E+02    4.44429E+02    3.22629E+01       2.79320E+03    2.31561E+03    1.41097E+02
    8.82176E-01   -6.67045E-02   -3.50118E-03       6.06141E+02    4.44647E+02    3.21409E+01       2.78017E+03    2.31193E+03    1.42100E+02
    8.82526E-01   -6.68124E-02   -3.49642E-03       6.02967E+02    4.44603E+02    3.20839E+01       2.76781E+03    2.30713E+03    1.43395E+02
    8.82885E-01   -6.69241E-02   -3.49095E-03       5.99673E+02    4.44703E+02    3.19900E+01       2.75483E+03    2.30283E+03    1.44583E+02
    8.83271E-01   -6.70851E-02   -3.47387E-03       5.96404E+02    4.44804E+02    3.18979E+01       2.74218E+03    2.29846E+03    1.45781E+02
    8.83628E-01   -6.71998E-02   -3.46631E-03       5.93198E+02    4.44848E+02    3.18044E+01       2.72957E+03    2.29400E+03    1.46967E+02
    8.83964E-01   -6.73000E-02   -3.46240E-03       5.90226E+02    4.44685E+02    3.17662E+01       2.71775E+03    2.28914E+03    1.48248E+02
    8.84307E-01   -6.73994E-02   -3.45986E-03       5.87132E+02    4.44633E+02    3.17019E+01       2.70558E+03    2.28427E+03    1.49588E+02
    8.84626E-01   -6.74888E-02   -3.45610E-03       5.84212E+02    4.44510E+02    3.16280E+01       2.69330E+03    2.28020E+03    1.50618E+02
    8.84983E-01   -6.76060E-02   -3.45045E-03       5.81020E+02    4.44633E+02    3.15196E+01       2.68043E+03    2.27651E+03    1.51656E+02
    8.85359E-01   -6.77699E-02   -3.42750E-03       5.77570E+02    4.45396E+02    3.11983E+01       2.66618E+03    2.27588E+03    1.51710E+02
    8.85705E-01   -6.78844E-02   -3.41621E-03       5.74446E+02    4.45448E+02    3.10762E+01       2.65325E+03    2.27265E+03    1.52482E+02
    8.86032E-01   -6.79903E-02   -3.40550E-03       5.71505E+02    4.45432E+02    3.09540E+01       2.64148E+03    2.26854E+03    1.53410E+02
    8.86252E-01   -6.79769E-02   -3.42390E-03       5.69318E+02    4.44549E+02    3.10469E+01       2.63006E+03    2.26408E+03    1.54409E+02
    8.86602E-01   -6.81277E-02   -3.39932E-03       5.66212E+02    4.44860E+02    3.08277E+01       2.61674E+03    2.26260E+03    1.54578E+02
    8.86872E-01   -6.81753E-02   -3.40351E-03       5.63716E+02    4.44443E+02    3.07999E+01       2.60711E+03    2.25666E+03    1.55978E+02
    8.87232E-01   -6.83197E-02   -3.38224E-03       5.60558E+02    4.44662E+02    3.06114E+01       2.59367E+03    2.25452E+03    1.56402E+02
    8.87442E-01   -6.82964E-02   -3.40218E-03       5.58404E+02    4.43919E+02    3.06440E+01       2.58255E+03    2.25083E+03    1.57057E+02
    8.87788E-01   -6.84511E-02   -3.37272E-03       5.55315E+02    4.44304E+02    3.03687E+01       2.56948E+03    2.24897E+03    1.57282E+02
    8.88149E-01   -6.86067E-02   -3.34470E-03       5.52143E+02    4.44630E+02    3.01245E+01       2.55569E+03    2.24774E+03    1.57365E+02
    8.88497E-01   -6.87427E-02   -3.32216E-03       5.49030E+02    4.44889E+02    2.99003E+01       2.54253E+03    2.24563E+03    1.57691E+02
    8.88849E-01   -6.88920E-02   -3.29380E-03       5.45978E+02    4.45093E+02    2.96813E+01       2.52938E+03    2.24374E+03    1.57904E+02
    8.89197E-01   -6.90284E-02   -3.26995E-03       5.42870E+02    4.45370E+02    2.94339E+01       2.51630E+03    2.24167E+03    1.58167E+02
    8.89513E-01   -6.91304E-02   -3.25614E-03       5.40045E+02    4.45476E+02    2.92189E+01       2.50396E+03    2.23918E+03    1.58550E+02
    8.89850E-01   -6.92884E-02   -3.21904E-03       5.37088E+02    4.45730E+02    2.89450E+01       2.49111E+03    2.23810E+03    1.58319E+02
    8.90212E-01   -6.94564E-02   -3.18199E-03       5.33854E+02    4.46358E+02    2.85545E+01       2.47744E+03    2.23731E+03    1.58116E+02
    8.90571E-01   -6.96268E-02   -3.14229E-03       5.30742E+02    4.46779E+02    2.82296E+01       2.46388E+03    2.23660E+03    1.57828E+02
    8.90896E-01   -6.97767E-02   -3.10453E-03       5.27933E+02    4.46919E+02    2.79622E+01       2.45174E+03    2.23465E+03    1.57826E+02
    8.91257E-01   -6.99696E-02   -3.05416E-03       5.24809E+02    4.47478E+02    2.75750E+01       2.43808E+03    2.23446E+03    1.57339E+02
    8.91609E-01   -7.01515E-02   -3.00460E-03       5.21786E+02    4.47940E+02    2.71962E+01       2.42492E+03    2.23377E+03    1.56919E+02
    8.91964E-01   -7.03478E-02   -2.94907E-03       5.18674E+02    4.48632E+02    2.67301E+01       2.41144E+03    2.23430E+03    1.56030E+02
    8.92335E-01   -7.05755E-02   -2.87916E-03       5.15557E+02    4.49348E+02    2.62331E+01       2.39790E+03    2.23482E+03    1.55135E+02
    8.92718E-01   -7.08199E-02   -2.80460E-03       5.12361E+02    4.50196E+02    2.56959E+01       2.38388E+03    2.23599E+03    1.54021E+02
    8.93056E-01   -7.09902E-02   -2.75306E-03       5.09529E+02    4.50358E+02    2.53854E+01       2.37141E+03    2.23437E+03    1.53836E+02
    8.93410E-01   -7.11821E-02   -2.69577E-03       5.06577E+02    4.50728E+02    2.50186E+01       2.35857E+03    2.23339E+03    1.53516E+02
    8.93780E-01   -7.14242E-02   -2.61441E-03       5.03308E+02    4.52155E+02    2.41930E+01       2.34446E+03    2.23647E+03    1.51433E+02
    8.94066E-01   -7.15497E-02   -2.56738E-03       5.00871E+02    4.51971E+02    2.39208E+01       2.33262E+03    2.23498E+03    1.50905E+02
    8.94413E-01   -7.17292E-02   -2.50892E-03       4.98053E+02    4.52184E+02    2.35740E+01       2.32047E+03    2.23277E+03    1.50876E+02
    8.94730E-01   -7.19367E-02   -2.42715E-03       4.95413E+02    4.52812E+02    2.29439E+01       2.30900E+03    2.23307E+03    1.49345E+02
    8.95101E-01   -7.21768E-02   -2.34059E-03       4.92370E+02    4.53508E+02    2.23667E+01       2.29579E+03    2.23318E+03    1.48315E+02
    8.95470E-01   -7.24212E-02   -2.24998E-03       4.89386E+02    4.54085E+02    2.18441E+01       2.28255E+03    2.23354E+03    1.47146E+02
    8.95834E-01   -7.26571E-02   -2.16142E-03       4.86415E+02    4.54602E+02    2.13145E+01       2.26935E+03    2.23339E+03    1.46133E+02
    8.96197E-01   -7.29042E-02   -2.06422E-03       4.83425E+02    4.55270E+02    2.06789E+01       2.25617E+03    2.23375E+03    1.44770E+02
    8.96560E-01   -7.31547E-02   -1.96435E-03       4.80498E+02    4.55798E+02    2.01256E+01       2.24324E+03    2.23369E+03    1.43577E+02
    8.96910E-01   -7.33922E-02   -1.86478E-03       4.77475E+02    4.56686E+02    1.93915E+01       2.23014E+03    2.23446E+03    1.41905E+02
    8.97218E-01   -7.36035E-02   -1.76442E-03       4.74862E+02    4.57069E+02    1.87680E+01       2.21914E+03    2.23291E+03    1.40753E+02
    8.97561E-01   -7.38616E-02   -1.64915E-03       4.72080E+02    4.57663E+02    1.80868E+01       2.20679E+03    2.23334E+03    1.38963E+02
    8.97925E-01   -7.41136E-02   -1.53925E-03       4.69214E+02    4.58167E+02    1.74572E+01       2.19406E+03    2.23306E+03    1.37563E+02
    8.98237E-01   -7.42919E-02   -1.45444E-03       4.66718E+02    4.58034E+02    1.70628E+01       2.18167E+03    2.23218E+03    1.36404E+02
    8.98561E-01   -7.45162E-02   -1.34588E-03       4.63801E+02    4.59086E+02    1.61545E+01       2.16770E+03    2.23588E+03    1.33211E+02
    8.98857E-01   -7.47650E-02   -1.21106E-03       4.61334E+02    4.59936E+02    1.51803E+01       2.15685E+03    2.23769E+03    1.29949E+02
    8.99182E-01   -7.49990E-02   -1.09300E-03       4.58600E+02    4.60558E+02    1.44019E+01       2.14435E+03    2.23877E+03    1.27581E+02
    8.99514E-01   -7.52446E-02   -9.69218E-04       4.55915E+02    4.61004E+02    1.36971E+01       2.13168E+03    2.23964E+03    1.25359E+02
    8.99888E-01   -7.55692E-02   -8.13437E-04       4.52854E+02    4.62469E+02    1.25486E+01       2.11773E+03    2.24464E+03    1.21195E+02
    9.00133E-01   -7.56729E-02   -7.36846E-04       4.50692E+02    4.62206E+02    1.20378E+01       2.10653E+03    2.24419E+03    1.19015E+02
    9.00455E-01   -7.58896E-02   -6.19638E-04       4.48160E+02    4.62238E+02    1.14851E+01       2.09508E+03    2.24240E+03    1.17750E+02
    9.00779E-01   -7.61239E-02   -4.90837E-04       4.45580E+02    4.62522E+02    1.07882E+01       2.08261E+03    2.24300E+03    1.15356E+02
    9.01137E-01   -7.64207E-02   -3.36178E-04       4.42791E+02    4.63164E+02    9.96820E+00       2.07005E+03    2.24365E+03    1.13002E+02
    9.01509E-01   -7.67514E-02   -1.63821E-04       4.39882E+02    4.64168E+02    8.96090E+00       2.05686E+03    2.24603E+03    1.09821E+02
    9.01853E-01   -7.70179E-02   -1.67044E-05       4.37139E+02    4.64772E+02    8.13847E+00       2.04424E+03    2.24717E+03    1.07145E+02
    9.02197E-01   -7.73086E-02    1.49245E-04       4.34471E+02    4.65321E+02    7.27400E+00       2.03208E+03    2.24780E+03    1.04417E+02
    9.02556E-01   -7.76436E-02    3.35937E-04       4.31749E+02    4.66063E+02    6.31539E+00       2.01970E+03    2.24920E+03    1.01395E+02
    9.02925E-01   -7.80036E-02    5.38073E-04       4.28865E+02    4.67452E+02    4.97701E+00       2.00651E+03    2.25396E+03    9.63753E+01
    9.03218E-01   -7.82119E-02    6.79318E-04       4.26577E+02    4.67338E+02    4.34281E+00       1.99623E+03    2.25147E+03    9.46844E+01
    9.03516E-01   -7.84477E-02    8.34795E-04       4.24229E+02    4.67505E+02    3.56587E+00       1.98621E+03    2.24899E+03    9.30308E+01
    9.03880E-01   -7.87862E-02    1.03290E-03       4.21439E+02    4.68380E+02    2.49433E+00       1.97349E+03    2.25099E+03    8.95165E+01
    9.04184E-01   -7.90007E-02    1.17418E-03       4.19010E+02    4.68581E+02    1.71809E+00       1.96108E+03    2.25271E+03    8.60581E+01
    9.04589E-01   -7.94678E-02    1.44381E-03       4.16015E+02    4.70145E+02    2.74149E-01       1.94726E+03    2.25814E+03    8.06455E+01
    9.04922E-01   -7.97678E-02    1.63788E-03       4.13434E+02    4.70714E+02   -7.08433E-01       1.93566E+03    2.25844E+03    7.76425E+01
    9.05254E-01   -8.00726E-02    1.83961E-03       4.10926E+02    4.71213E+02   -1.70329E+00       1.92425E+03    2.25877E+03    7.44155E+01
    9.05557E-01   -8.03595E-02    2.04709E-03       4.08486E+02    4.71777E+02   -2.80659E+00       1.91322E+03    2.25949E+03    7.05980E+01
    9.05906E-01   -8.07310E-02    2.29256E-03       4.05676E+02    4.73563E+02   -4.56311E+00       1.90026E+03    2.26606E+03    6.37498E+01
    9.06251E-01   -8.10704E-02    2.51734E-03       4.03046E+02    4.74427E+02   -5.76517E+00       1.88831E+03    2.26773E+03    5.98481E+01
    9.06533E-01   -8.12607E-02    2.66725E-03       4.01057E+02    4.73433E+02   -5.88116E+00       1.87936E+03    2.26132E+03    6.04881E+01
    9.06840E-01   -8.15381E-02    2.87686E-03       3.98684E+02    4.73838E+02   -6.97074E+00       1.86867E+03    2.26075E+03    5.71684E+01
    9.07208E-01   -8.19781E-02    3.17536E-03       3.96010E+02    4.74994E+02   -8.43046E+00       1.85609E+03    2.26528E+03    5.11592E+01
    9.07547E-01   -8.23249E-02    3.42444E-03       3.93491E+02    4.75719E+02   -9.67937E+00       1.84446E+03    2.26699E+03    4.66560E+01
    9.07885E-01   -8.26934E-02    3.68951E-03       3.90708E+02    4.77750E+02   -1.17267E+01       1.83184E+03    2.27388E+03    3.89770E+01
    9.08137E-01   -8.28965E-02    3.88273E-03       3.88372E+02    4.78427E+02   -1.29838E+01       1.81972E+03    2.27837E+03    3.28577E+01
    9.08413E-01   -8.31480E-02    4.10285E-03       3.86151E+02    4.78665E+02   -1.40595E+01       1.80972E+03    2.27705E+03    2.96512E+01
    9.08666E-01   -8.34305E-02    4.36241E-03       3.84026E+02    4.79862E+02   -1.57503E+01       1.79857E+03    2.28522E+03    2.05727E+01
    9.09004E-01   -8.38225E-02    4.66694E-03       3.81448E+02    4.81056E+02   -1.74614E+01       1.78635E+03    2.28998E+03    1.34289E+01
    9.09320E-01   -8.41675E-02    4.95064E-03       3.79108E+02    4.81616E+02   -1.87996E+01       1.77561E+03    2.29088E+03    8.33880E+00
    9.09629E-01   -8.45124E-02    5.24465E-03       3.76824E+02    4.82122E+02   -2.01741E+01       1.76546E+03    2.29045E+03    3.90891E+00
    9.09960E-01   -8.49017E-02    5.56442E-03       3.74427E+02    4.82761E+02   -2.15904E+01       1.75391E+03    2.29312E+03   -2.30728E+00
    9.10297E-01   -8.52897E-02    5.88099E-03       3.71962E+02    4.83579E+02   -2.31569E+01       1.74249E+03    2.29505E+03   -8.11295E+00
    9.10573E-01   -8.55883E-02    6.17492E-03       3.69907E+02    4.83611E+02   -2.44046E+01       1.73337E+03    2.29283E+03   -1.23124E+01
    9.10901E-01   -8.59312E-02    6.46545E-03       3.67573E+02    4.83855E+02   -2.55226E+01       1.72254E+03    2.29237E+03   -1.63164E+01
    9.11233E-01   -8.63302E-02    6.80751E-03       3.65189E+02    4.84522E+02   -2.69976E+01       1.71137E+03    2.29392E+03   -2.18309E+01
    9.11568E-01   -8.67494E-02    7.16620E-03       3.62493E+02    4.87000E+02   -2.98683E+01       1.69874E+03    2.30433E+03   -3.42462E+01
    9.11766E-01   -8.68921E-02    7.39785E-03       3.60722E+02    4.86655E+02   -3.09504E+01       1.68869E+03    2.30652E+03   -4.12919E+01
    9.12009E-01   -8.71569E-02    7.69901E-03       3.58560E+02    4.88101E+02   -3.32033E+01       1.67734E+03    2.31535E+03   -5.27408E+01
    9.12321E-01   -8.75553E-02    8.07219E-03       3.56335E+02    4.88862E+02   -3.49819E+01       1.66668E+03    2.31896E+03   -6.10313E+01
    9.12648E-01   -8.79592E-02    8.44410E-03       3.54040E+02    4.89351E+02   -3.65055E+01       1.65575E+03    2.32060E+03   -6.75585E+01
    9.12980E-01   -8.85100E-02    8.95401E-03       3.51689E+02    4.91309E+02   -3.93425E+01       1.64493E+03    2.32866E+03   -8.01357E+01
    9.13294E-01   -8.88917E-02    9.32537E-03       3.49454E+02    4.91815E+02   -4.09434E+01       1.63445E+03    2.32969E+03   -8.65046E+01
    9.13653E-01   -8.94289E-02    9.80635E-03       3.47189E+02    4.92417E+02   -4.24757E+01       1.62489E+03    2.32850E+03   -9.10563E+01
    9.13933E-01   -8.97755E-02    1.01774E-02       3.44827E+02    4.94179E+02   -4.47666E+01       1.61412E+03    2.33521E+03   -1.00790E+02
    9.14255E-01   -9.02052E-02    1.06037E-02       3.42563E+02    4.94908E+02   -4.66095E+01       1.60341E+03    2.33736E+03   -1.08261E+02
    9.14477E-01   -9.03943E-02    1.08778E-02       3.40949E+02    4.93376E+02   -4.64128E+01       1.59375E+03    2.33518E+03   -1.10421E+02
    9.14755E-01   -9.08359E-02    1.13713E-02       3.38617E+02    4.96066E+02   -5.02062E+01       1.58236E+03    2.34793E+03   -1.28048E+02
    9.15047E-01   -9.11980E-02    1.17576E-02       3.36685E+02    4.95612E+02   -5.08160E+01       1.57316E+03    2.34551E+03   -1.30754E+02
    9.15274E-01   -9.13238E-02    1.19911E-02       3.34967E+02    4.94791E+02   -5.16644E+01       1.56304E+03    2.34664E+03   -1.37841E+02
    9.15597E-01   -9.18136E-02    1.24886E-02       3.32380E+02    4.97612E+02   -5.51284E+01       1.55113E+03    2.35778E+03   -1.52442E+02
    9.15877E-01   -9.22186E-02    1.29625E-02       3.30129E+02    5.00002E+02   -5.89271E+01       1.54084E+03    2.36703E+03   -1.68726E+02
    9.16172E-01   -9.25816E-02    1.33698E-02       3.28246E+02    4.99351E+02   -5.95268E+01       1.53165E+03    2.36409E+03   -1.71498E+02
    9.16461E-01   -9.30124E-02    1.38484E-02       3.26207E+02    4.99983E+02   -6.06483E+01       1.52155E+03    2.36920E+03   -1.79144E+02
    9.16607E-01   -9.31705E-02    1.42220E-02       3.24598E+02    5.01352E+02   -6.37668E+01       1.51170E+03    2.38182E+03   -1.98116E+02
    9.16891E-01   -9.36464E-02    1.47610E-02       3.22030E+02    5.06215E+02   -6.94138E+01       1.50014E+03    2.40277E+03   -2.23561E+02
    9.17148E-01   -9.39806E-02    1.51996E-02       3.20226E+02    5.06812E+02   -7.17554E+01       1.49194E+03    2.40338E+03   -2.32660E+02
    9.17355E-01   -9.41375E-02    1.55185E-02       3.18920E+02    5.04658E+02   -7.17529E+01       1.48573E+03    2.39248E+03   -2.31909E+02
    9.17571E-01   -9.43718E-02    1.59165E-02       3.17282E+02    5.04492E+02   -7.34745E+01       1.47827E+03    2.39065E+03   -2.39389E+02
    9.17929E-01   -9.49389E-02    1.65140E-02       3.14612E+02    5.07642E+02   -7.76398E+01       1.46583E+03    2.40404E+03   -2.57796E+02
    9.18072E-01   -9.50028E-02    1.68246E-02       3.13463E+02    5.06738E+02   -7.92959E+01       1.45761E+03    2.40784E+03   -2.71292E+02
    9.18451E-01   -9.57281E-02    1.75833E-02       3.10946E+02    5.09067E+02   -8.27975E+01       1.44762E+03    2.41189E+03   -2.82569E+02
    9.18725E-01   -9.61416E-02    1.81358E-02       3.09068E+02    5.09641E+02   -8.52641E+01       1.43877E+03    2.41466E+03   -2.94446E+02
    9.19025E-01   -9.65517E-02    1.86400E-02       3.06824E+02    5.10937E+02   -8.77666E+01       1.42787E+03    2.42252E+03   -3.08077E+02
    9.19293E-01   -9.69615E-02    1.91874E-02       3.05043E+02    5.10832E+02   -8.87641E+01       1.41930E+03    2.42279E+03   -3.13577E+02
    9.19483E-01   -9.70866E-02    1.95257E-02       3.03707E+02    5.09439E+02   -8.95553E+01       1.41137E+03    2.42173E+03   -3.21837E+02
    9.19556E-01   -9.69871E-02    1.97808E-02       3.02932E+02    5.07972E+02   -9.13360E+01       1.40453E+03    2.42443E+03   -3.37426E+02
    9.19858E-01   -9.75383E-02    2.04855E-02       3.00898E+02    5.09324E+02   -9.44869E+01       1.39476E+03    2.43122E+03   -3.52828E+02
    9.20141E-01   -9.79610E-02    2.10623E-02       2.98954E+02    5.10114E+02   -9.71058E+01       1.38542E+03    2.43515E+03   -3.65477E+02
    9.20381E-01   -9.83225E-02    2.16157E-02       2.97296E+02    5.10729E+02   -9.98798E+01       1.37550E+03    2.44727E+03   -3.87145E+02
    9.20662E-01   -9.87407E-02    2.22032E-02       2.95440E+02    5.11109E+02   -1.02125E+02       1.36653E+03    2.44997E+03   -3.98899E+02
    9.20938E-01   -9.91331E-02    2.27831E-02       2.93608E+02    5.11231E+02   -1.04257E+02       1.35778E+03    2.45060E+03   -4.09343E+02
    9.21204E-01   -9.94662E-02    2.32963E-02       2.91843E+02    5.10969E+02   -1.05852E+02       1.34928E+03    2.44954E+03   -4.17209E+02
    9.21492E-01   -9.99696E-02    2.40154E-02       2.89826E+02    5.12734E+02   -1.09768E+02       1.33932E+03    2.46024E+03   -4.38242E+02
    9.21761E-01   -1.00375E-01    2.46260E-02       2.88103E+02    5.12500E+02   -1.11301E+02       1.33102E+03    2.45987E+03   -4.46555E+02
    9.22019E-01   -1.00836E-01    2.53451E-02       2.86270E+02    5.14293E+02   -1.15566E+02       1.32225E+03    2.47117E+03   -4.70722E+02
    9.22272E-01   -1.01230E-01    2.59956E-02       2.84588E+02    5.14516E+02   -1.18138E+02       1.31451E+03    2.47136E+03   -4.82491E+02
    9.22537E-01   -1.01643E-01    2.66308E-02       2.82939E+02    5.13836E+02   -1.18726E+02       1.30676E+03    2.46746E+03   -4.84517E+02
    9.22817E-01   -1.02236E-01    2.74960E-02       2.81056E+02    5.15406E+02   -1.22273E+02       1.29783E+03    2.47565E+03   -5.02346E+02
    9.23059E-01   -1.02566E-01    2.80947E-02       2.79416E+02    5.15452E+02   -1.24544E+02       1.28997E+03    2.47670E+03   -5.14377E+02
    9.23298E-01   -1.02898E-01    2.87084E-02       2.77788E+02    5.15690E+02   -1.27270E+02       1.28230E+03    2.47807E+03   -5.27942E+02
    9.23574E-01   -1.03425E-01    2.95277E-02       2.76025E+02    5.16422E+02   -1.30301E+02       1.27396E+03    2.48173E+03   -5.42761E+02
    9.23808E-01   -1.03645E-01    2.99907E-02       2.74522E+02    5.15143E+02   -1.30730E+02       1.26658E+03    2.47661E+03   -5.45801E+02
    9.24046E-01   -1.04006E-01    3.06661E-02       2.72854E+02    5.15813E+02   -1.33601E+02       1.25891E+03    2.47970E+03   -5.59777E+02
    9.24298E-01   -1.04435E-01    3.14137E-02       2.71187E+02    5.16486E+02   -1.36938E+02       1.25103E+03    2.48294E+03   -5.75861E+02
    9.24549E-01   -1.04855E-01    3.21654E-02       2.69527E+02    5.17048E+02   -1.40037E+02       1.24312E+03    2.48607E+03   -5.91331E+02
    9.24813E-01   -1.05361E-01    3.30142E-02       2.67862E+02    5.17520E+02   -1.42930E+02       1.23512E+03    2.48938E+03   -6.06596E+02
    9.25014E-01   -1.05585E-01    3.35439E-02       2.66430E+02    5.17216E+02   -1.44740E+02       1.22812E+03    2.48947E+03   -6.17010E+02
    9.25277E-01   -1.06211E-01    3.45914E-02       2.64595E+02    5.19649E+02   -1.50008E+02       1.21896E+03    2.50475E+03   -6.46640E+02
    9.25531E-01   -1.06636E-01    3.53506E-02       2.62783E+02    5.21538E+02   -1.54845E+02       1.21008E+03    2.51609E+03   -6.72597E+02
    9.25783E-01   -1.07142E-01    3.62809E-02       2.61190E+02    5.22025E+02   -1.58155E+02       1.20246E+03    2.51859E+03   -6.88671E+02
    9.26021E-01   -1.07625E-01    3.71813E-02       2.59807E+02    5.21516E+02   -1.59429E+02       1.19559E+03    2.51941E+03   -6.98761E+02
    9.26273E-01   -1.08123E-01    3.81042E-02       2.57982E+02    5.23989E+02   -1.65022E+02       1.18667E+03    2.53504E+03   -7.30787E+02
    9.26215E-01   -1.07664E-01    3.83091E-02       2.57135E+02    5.25153E+02   -1.71159E+02       1.17846E+03    2.56226E+03   -7.84329E+02
    9.26444E-01   -1.07959E-01    3.89377E-02       2.55977E+02    5.21438E+02   -1.66744E+02       1.17323E+03    2.54316E+03   -7.61386E+02
    9.26685E-01   -1.08355E-01    3.97432E-02       2.54557E+02    5.20496E+02   -1.67948E+02       1.16661E+03    2.53843E+03   -7.67360E+02
    9.26916E-01   -1.08679E-01    4.04556E-02       2.53096E+02    5.20034E+02   -1.69964E+02       1.15953E+03    2.53769E+03   -7.79163E+02
    9.27155E-01   -1.09114E-01    4.13576E-02       2.51574E+02    5.20315E+02   -1.72777E+02       1.15219E+03    2.54055E+03   -7.94703E+02
    9.27102E-01   -1.08588E-01    4.14381E-02       2.50962E+02    5.19339E+02   -1.73844E+02       1.14527E+03    2.55705E+03   -8.24553E+02
    9.27355E-01   -1.09132E-01    4.25187E-02       2.49305E+02    5.20641E+02   -1.78342E+02       1.13740E+03    2.56422E+03   -8.47608E+02
    9.27599E-01   -1.09617E-01    4.35135E-02       2.47691E+02    5.21690E+02   -1.81995E+02       1.12939E+03    2.57204E+03   -8.68551E+02
    9.27507E-01   -1.08462E-01    4.26432E-02       2.47649E+02    5.14873E+02   -1.77059E+02       1.12500E+03    2.56306E+03   -8.73960E+02
    9.27754E-01   -1.09446E-01    4.45084E-02       2.45831E+02    5.20954E+02   -1.87216E+02       1.11686E+03    2.59132E+03   -9.23571E+02
    9.28004E-01   -1.09906E-01    4.54602E-02       2.44295E+02    5.21065E+02   -1.89802E+02       1.10953E+03    2.59315E+03   -9.38140E+02
    9.28195E-01   -1.10249E-01    4.64533E-02       2.42960E+02    5.21481E+02   -1.93801E+02       1.10322E+03    2.59669E+03   -9.60001E+02
    9.28161E-01   -1.09777E-01    4.66298E-02       2.42148E+02    5.23722E+02   -1.99844E+02       1.09474E+03    2.63417E+03   -1.02414E+03
    9.28424E-01   -1.10374E-01    4.78035E-02       2.40478E+02    5.25452E+02   -2.05291E+02       1.08668E+03    2.64576E+03   -1.05655E+03
    9.28689E-01   -1.11019E-01    4.91196E-02       2.38673E+02    5.29121E+02   -2.14234E+02       1.07785E+03    2.66770E+03   -1.10730E+03
    9.28628E-01   -1.10335E-01    4.90776E-02       2.38262E+02    5.28766E+02   -2.17427E+02       1.07212E+03    2.68667E+03   -1.15179E+03
    9.28849E-01   -1.10748E-01    5.01246E-02       2.37185E+02    5.25833E+02   -2.15390E+02       1.06753E+03    2.67023E+03   -1.13858E+03
    9.28794E-01   -1.10008E-01    4.99522E-02       2.36724E+02    5.26383E+02   -2.20177E+02       1.06200E+03    2.68969E+03   -1.18621E+03
    9.29036E-01   -1.10534E-01    5.11348E-02       2.35432E+02    5.24873E+02   -2.20495E+02       1.05603E+03    2.68381E+03   -1.19148E+03
    9.29276E-01   -1.11038E-01    5.23251E-02       2.34112E+02    5.23431E+02   -2.20008E+02       1.05021E+03    2.67538E+03   -1.18724E+03
    9.29504E-01   -1.11400E-01    5.32262E-02       2.32812E+02    5.22047E+02   -2.20705E+02       1.04430E+03    2.66861E+03   -1.19136E+03
    9.29737E-01   -1.11789E-01    5.42499E-02       2.31457E+02    5.21057E+02   -2.22491E+02       1.03809E+03    2.66421E+03   -1.20224E+03
    9.29995E-01   -1.12474E-01    5.57506E-02       2.30016E+02    5.20900E+02   -2.24431E+02       1.03143E+03    2.66454E+03   -1.21339E+03
    9.30240E-01   -1.13029E-01    5.71079E-02       2.28537E+02    5.21401E+02   -2.28712E+02       1.02452E+03    2.66827E+03   -1.23674E+03
    9.30482E-01   -1.13583E-01    5.84898E-02       2.27022E+02    5.22590E+02   -2.34222E+02       1.01742E+03    2.67698E+03   -1.27006E+03
    9.30729E-01   -1.14177E-01    5.98899E-02       2.25451E+02    5.24451E+02   -2.40735E+02       1.01015E+03    2.68689E+03   -1.30472E+03
    9.30977E-01   -1.14861E-01    6.15165E-02       2.23854E+02    5.27184E+02   -2.49158E+02       1.00258E+03    2.70385E+03   -1.35350E+03
    9.31231E-01   -1.15579E-01    6.31560E-02       2.22239E+02    5.29741E+02   -2.56319E+02       9.94849E+02    2.72055E+03   -1.39695E+03
    9.31449E-01   -1.16019E-01    6.44504E-02       2.20994E+02    5.28920E+02   -2.59189E+02       9.89426E+02    2.71590E+03   -1.41209E+03
    9.31699E-01   -1.16891E-01    6.65424E-02       2.19659E+02    5.29995E+02   -2.64508E+02       9.83561E+02    2.71860E+03   -1.43277E+03
    9.31922E-01   -1.17292E-01    6.76977E-02       2.18308E+02    5.29924E+02   -2.68236E+02       9.77518E+02    2.71852E+03   -1.45347E+03
    9.32132E-01   -1.17644E-01    6.88755E-02       2.17096E+02    5.28769E+02   -2.70570E+02       9.72288E+02    2.71190E+03   -1.46535E+03
    9.32362E-01   -1.18152E-01    7.03100E-02       2.15792E+02    5.28351E+02   -2.74038E+02       9.66436E+02    2.71037E+03   -1.48514E+03
    9.32587E-01   -1.18549E-01    7.14419E-02       2.14674E+02    5.24888E+02   -2.68874E+02       9.61684E+02    2.69043E+03   -1.45256E+03
    9.32824E-01   -1.19219E-01    7.32057E-02       2.13337E+02    5.24859E+02   -2.71532E+02       9.55718E+02    2.69047E+03   -1.46811E+03
