    7.42927E-01   -5.12395E-02    3.54542E-03       4.32284E+01    7.62145E+00   -3.19043E-01       4.14467E+02    4.41602E+01   -1.71554E+00
    7.43518E-01   -5.14448E-02    3.59223E-03       4.30001E+01    7.60516E+00   -3.19747E-01       4.12325E+02    4.40949E+01   -1.72591E+00
    7.44100E-01   -5.16532E-02    3.64152E-03       4.27710E+01    7.59395E+00   -3.21996E-01       4.10190E+02    4.40438E+01   -1.74123E+00
    7.44690E-01   -5.18802E-02    3.69477E-03       4.25423E+01    7.58342E+00   -3.24124E-01       4.08055E+02    4.40070E+01   -1.75878E+00
    7.45278E-01   -5.21006E-02    3.74759E-03       4.23138E+01    7.57387E+00   -3.26666E-01       4.05937E+02    4.39588E+01   -1.77470E+00
    7.45856E-01   -5.23042E-02    3.79665E-03       4.20893E+01    7.55981E+00   -3.28243E-01       4.03838E+02    4.38984E+01   -1.78833E+00
    7.46409E-01   -5.24850E-02    3.84057E-03       4.18699E+01    7.54170E+00   -3.28620E-01       4.01763E+02    4.38270E+01   -1.79857E+00
    7.46999E-01   -5.27104E-02    3.89530E-03       4.16440E+01    7.53193E+00   -3.31057E-01       3.99665E+02    4.37837E+01   -1.81496E+00
    7.47576E-01   -5.29239E-02    3.94873E-03       4.14205E+01    7.52220E+00   -3.33808E-01       3.97580E+02    4.37486E+01   -1.83509E+00
    7.48154E-01   -5.31459E-02    4.00352E-03       4.11978E+01    7.51299E+00   -3.36323E-01       3.95484E+02    4.37174E+01   -1.85508E+00
    7.48711E-01   -5.33607E-02    4.05955E-03       4.09779E+01    7.50309E+00   -3.39113E-01       3.93428E+02    4.36762E+01   -1.87450E+00
    7.49296E-01   -5.36026E-02    4.12084E-03       4.07579E+01    7.49421E+00   -3.41767E-01       3.91374E+02    4.36445E+01   -1.89520E+00
    7.49861E-01   -5.38141E-02    4.17576E-03       4.05412E+01    7.48156E+00   -3.43781E-01       3.89345E+02    4.35875E+01   -1.91060E+00
    7.50429E-01   -5.40318E-02    4.23152E-03       4.03244E+01    7.47155E+00   -3.46381E-01       3.87308E+02    4.35555E+01   -1.93185E+00
    7.50980E-01   -5.42281E-02    4.28465E-03       4.01107E+01    7.45607E+00   -3.47681E-01       3.85296E+02    4.34899E+01   -1.94504E+00
    7.51580E-01   -5.44999E-02    4.35602E-03       3.98900E+01    7.45607E+00   -3.53248E-01       3.83251E+02    4.35031E+01   -1.98003E+00
    7.52157E-01   -5.47414E-02    4.42203E-03       3.96713E+01    7.45395E+00   -3.58631E-01       3.81230E+02    4.34933E+01   -2.01105E+00
    7.52734E-01   -5.49983E-02    4.49404E-03       3.94510E+01    7.45827E+00   -3.66142E-01       3.79196E+02    4.35343E+01   -2.05767E+00
    7.53301E-01   -5.52315E-02    4.56040E-03       3.92370E+01    7.45262E+00   -3.70986E-01       3.77196E+02    4.35212E+01   -2.08915E+00
    7.53855E-01   -5.54533E-02    4.62414E-03       3.90258E+01    7.44554E+00   -3.75447E-01       3.75223E+02    4.34917E+01   -2.11687E+00
    7.54440E-01   -5.57289E-02    4.70388E-03       3.88088E+01    7.44963E+00   -3.83161E-01       3.73226E+02    4.35140E+01   -2.15901E+00
    7.55021E-01   -5.59975E-02    4.78073E-03       3.85927E+01    7.45163E+00   -3.89954E-01       3.71232E+02    4.35324E+01   -2.19867E+00
    7.55566E-01   -5.62050E-02    4.84212E-03       3.83850E+01    7.44149E+00   -3.93611E-01       3.69279E+02    4.34946E+01   -2.22395E+00
    7.56139E-01   -5.64713E-02    4.92186E-03       3.81728E+01    7.44415E+00   -4.01237E-01       3.67310E+02    4.35186E+01   -2.26858E+00
    7.56698E-01   -5.67218E-02    4.99750E-03       3.79638E+01    7.44210E+00   -4.07427E-01       3.65363E+02    4.35193E+01   -2.30676E+00
    7.57236E-01   -5.69434E-02    5.06670E-03       3.77572E+01    7.43716E+00   -4.12917E-01       3.63432E+02    4.35029E+01   -2.34050E+00
    7.57815E-01   -5.72120E-02    5.14597E-03       3.75475E+01    7.43758E+00   -4.19549E-01       3.61487E+02    4.35145E+01   -2.38040E+00
    7.58367E-01   -5.74613E-02    5.22419E-03       3.73421E+01    7.43488E+00   -4.25844E-01       3.59567E+02    4.35119E+01   -2.41872E+00
    7.58905E-01   -5.76808E-02    5.28997E-03       3.71418E+01    7.42482E+00   -4.29270E-01       3.57679E+02    4.34766E+01   -2.44568E+00
    7.59459E-01   -5.79292E-02    5.36798E-03       3.69373E+01    7.42340E+00   -4.35891E-01       3.55769E+02    4.34874E+01   -2.48843E+00
    7.60008E-01   -5.81829E-02    5.44885E-03       3.67349E+01    7.42109E+00   -4.42200E-01       3.53870E+02    4.34914E+01   -2.52819E+00
    7.60556E-01   -5.84329E-02    5.52892E-03       3.65339E+01    7.41781E+00   -4.48444E-01       3.51987E+02    4.34872E+01   -2.56763E+00
    7.61114E-01   -5.87055E-02    5.61781E-03       3.63334E+01    7.41839E+00   -4.56356E-01       3.50112E+02    4.34993E+01   -2.61445E+00
    7.61635E-01   -5.89131E-02    5.68502E-03       3.61405E+01    7.40433E+00   -4.59219E-01       3.48273E+02    4.34515E+01   -2.64052E+00
    7.62180E-01   -5.91587E-02    5.76642E-03       3.59428E+01    7.39797E+00   -4.64667E-01       3.46415E+02    4.34340E+01   -2.67617E+00
    7.62730E-01   -5.94309E-02    5.85695E-03       3.57457E+01    7.39645E+00   -4.71816E-01       3.44565E+02    4.34420E+01   -2.72160E+00
    7.63268E-01   -5.96686E-02    5.93639E-03       3.55512E+01    7.38971E+00   -4.77131E-01       3.42728E+02    4.34290E+01   -2.75997E+00
    7.63805E-01   -5.99086E-02    6.01880E-03       3.53587E+01    7.38095E+00   -4.82037E-01       3.40909E+02    4.33955E+01   -2.79278E+00
    7.64344E-01   -6.01637E-02    6.10794E-03       3.51657E+01    7.37763E+00   -4.89119E-01       3.39087E+02    4.33973E+01   -2.83876E+00
    7.64877E-01   -6.04069E-02    6.19204E-03       3.49738E+01    7.37087E+00   -4.94616E-01       3.37277E+02    4.33811E+01   -2.87751E+00
    7.65399E-01   -6.06443E-02    6.27690E-03       3.47848E+01    7.36233E+00   -4.99829E-01       3.35486E+02    4.33494E+01   -2.91210E+00
    7.65938E-01   -6.09054E-02    6.37081E-03       3.45951E+01    7.35699E+00   -5.06604E-01       3.33695E+02    4.33365E+01   -2.95605E+00
    7.66472E-01   -6.11536E-02    6.46105E-03       3.44056E+01    7.35152E+00   -5.13297E-01       3.31900E+02    4.33276E+01   -2.99952E+00
    7.67031E-01   -6.14482E-02    6.56576E-03       3.42177E+01    7.34641E+00   -5.20055E-01       3.30125E+02    4.33107E+01   -3.04143E+00
    7.67565E-01   -6.17242E-02    6.66839E-03       3.40327E+01    7.34100E+00   -5.27098E-01       3.28367E+02    4.33013E+01   -3.08834E+00
    7.68079E-01   -6.19556E-02    6.75641E-03       3.38518E+01    7.32647E+00   -5.30812E-01       3.26635E+02    4.32387E+01   -3.11561E+00
    7.68606E-01   -6.22222E-02    6.85445E-03       3.36678E+01    7.31958E+00   -5.36656E-01       3.24887E+02    4.32195E+01   -3.15532E+00
    7.69096E-01   -6.24010E-02    6.92152E-03       3.34910E+01    7.29774E+00   -5.36922E-01       3.23176E+02    4.31349E+01   -3.17189E+00
    7.69620E-01   -6.26588E-02    7.01722E-03       3.33079E+01    7.29197E+00   -5.43337E-01       3.21438E+02    4.31225E+01   -3.21585E+00
    7.70150E-01   -6.29322E-02    7.12479E-03       3.31253E+01    7.28831E+00   -5.51493E-01       3.19708E+02    4.31231E+01   -3.26965E+00
    7.70681E-01   -6.32322E-02    7.24249E-03       3.29434E+01    7.28830E+00   -5.61006E-01       3.17986E+02    4.31405E+01   -3.32980E+00
    7.71203E-01   -6.35120E-02    7.35236E-03       3.27650E+01    7.28473E+00   -5.68919E-01       3.16322E+02    4.31504E+01   -3.38538E+00
    7.71713E-01   -6.37766E-02    7.46336E-03       3.25857E+01    7.28424E+00   -5.78864E-01       3.14656E+02    4.31790E+01   -3.45173E+00
    7.72206E-01   -6.40059E-02    7.55914E-03       3.24130E+01    7.26978E+00   -5.83298E-01       3.13026E+02    4.31311E+01   -3.48888E+00
    7.72717E-01   -6.42742E-02    7.67330E-03       3.22384E+01    7.26248E+00   -5.90718E-01       3.11392E+02    4.31161E+01   -3.54014E+00
    7.73229E-01   -6.45407E-02    7.78719E-03       3.20634E+01    7.25658E+00   -5.98654E-01       3.09758E+02    4.31099E+01   -3.59457E+00
    7.73723E-01   -6.47613E-02    7.88167E-03       3.18938E+01    7.23946E+00   -6.02253E-01       3.08152E+02    4.30497E+01   -3.62932E+00
    7.74242E-01   -6.50633E-02    8.00942E-03       3.17195E+01    7.23900E+00   -6.12384E-01       3.06525E+02    4.30780E+01   -3.69832E+00
    7.74752E-01   -6.53339E-02    8.12400E-03       3.15486E+01    7.22997E+00   -6.18920E-01       3.04914E+02    4.30557E+01   -3.74762E+00
    7.75245E-01   -6.55851E-02    8.23820E-03       3.13810E+01    7.21687E+00   -6.24769E-01       3.03326E+02    4.30163E+01   -3.79452E+00
    7.75739E-01   -6.58284E-02    8.34879E-03       3.12128E+01    7.20340E+00   -6.30018E-01       3.01736E+02    4.29678E+01   -3.83435E+00
    7.76251E-01   -6.61099E-02    8.47398E-03       3.10427E+01    7.19238E+00   -6.36800E-01       3.00134E+02    4.29300E+01   -3.88199E+00
    7.76740E-01   -6.63640E-02    8.59257E-03       3.08759E+01    7.17738E+00   -6.42219E-01       2.98548E+02    4.28836E+01   -3.92874E+00
    7.77241E-01   -6.66457E-02    8.72230E-03       3.07072E+01    7.16899E+00   -6.50760E-01       2.96957E+02    4.28629E+01   -3.98786E+00
    7.77741E-01   -6.69262E-02    8.85615E-03       3.05403E+01    7.15876E+00   -6.59000E-01       2.95377E+02    4.28301E+01   -4.04418E+00
    7.78246E-01   -6.72281E-02    9.00235E-03       3.03720E+01    7.15347E+00   -6.69453E-01       2.93793E+02    4.28231E+01   -4.11307E+00
    7.78750E-01   -6.75170E-02    9.13760E-03       3.02064E+01    7.14134E+00   -6.75609E-01       2.92224E+02    4.27734E+01   -4.15616E+00
    7.79245E-01   -6.77921E-02    9.26915E-03       3.00415E+01    7.13113E+00   -6.83249E-01       2.90661E+02    4.27391E+01   -4.20941E+00
    7.79744E-01   -6.80912E-02    9.41888E-03       2.98777E+01    7.12183E+00   -6.92448E-01       2.89101E+02    4.27121E+01   -4.27034E+00
    7.80241E-01   -6.83841E-02    9.56295E-03       2.97132E+01    7.11477E+00   -7.01901E-01       2.87540E+02    4.26972E+01   -4.33479E+00
    7.80710E-01   -6.86275E-02    9.68719E-03       2.95512E+01    7.10322E+00   -7.08813E-01       2.85990E+02    4.26627E+01   -4.38795E+00
    7.81224E-01   -6.89808E-02    9.86735E-03       2.93876E+01    7.10229E+00   -7.22404E-01       2.84436E+02    4.26802E+01   -4.47485E+00
    7.81723E-01   -6.92813E-02    1.00185E-02       2.92266E+01    7.09486E+00   -7.32101E-01       2.82896E+02    4.26645E+01   -4.54228E+00
    7.82207E-01   -6.95738E-02    1.01750E-02       2.90656E+01    7.08902E+00   -7.43342E-01       2.81350E+02    4.26647E+01   -4.61997E+00
    7.82661E-01   -6.97865E-02    1.02966E-02       2.89103E+01    7.06806E+00   -7.47534E-01       2.79832E+02    4.25652E+01   -4.65146E+00
    7.83147E-01   -7.00994E-02    1.04712E-02       2.87518E+01    7.06289E+00   -7.60503E-01       2.78310E+02    4.25561E+01   -4.73384E+00
    7.83628E-01   -7.03759E-02    1.06142E-02       2.85964E+01    7.04995E+00   -7.67463E-01       2.76805E+02    4.25117E+01   -4.78906E+00
    7.84103E-01   -7.06412E-02    1.07591E-02       2.84432E+01    7.03323E+00   -7.73353E-01       2.75310E+02    4.24426E+01   -4.83559E+00
    7.84570E-01   -7.09063E-02    1.09061E-02       2.82872E+01    7.02755E+00   -7.84281E-01       2.73799E+02    4.24407E+01   -4.91429E+00
    7.85012E-01   -7.11029E-02    1.10215E-02       2.81409E+01    6.99543E+00   -7.82591E-01       2.72341E+02    4.23018E+01   -4.92983E+00
    7.85466E-01   -7.13486E-02    1.11689E-02       2.79916E+01    6.97641E+00   -7.88372E-01       2.70867E+02    4.22270E+01   -4.98031E+00
    7.85940E-01   -7.16455E-02    1.13398E-02       2.78415E+01    6.96250E+00   -7.96549E-01       2.69394E+02    4.21616E+01   -5.03385E+00
    7.86407E-01   -7.19104E-02    1.14929E-02       2.76928E+01    6.94488E+00   -8.02829E-01       2.67927E+02    4.20833E+01   -5.08271E+00
    7.86875E-01   -7.21792E-02    1.16480E-02       2.75442E+01    6.92899E+00   -8.09542E-01       2.66456E+02    4.20321E+01   -5.14369E+00
    7.87340E-01   -7.24595E-02    1.18195E-02       2.73963E+01    6.91615E+00   -8.19183E-01       2.64992E+02    4.19835E+01   -5.21277E+00
    7.87817E-01   -7.27684E-02    1.20039E-02       2.72486E+01    6.90327E+00   -8.28518E-01       2.63527E+02    4.19433E+01   -5.28495E+00
    7.88262E-01   -7.30073E-02    1.21500E-02       2.71013E+01    6.89012E+00   -8.36011E-01       2.62067E+02    4.18897E+01   -5.34178E+00
    7.88738E-01   -7.33233E-02    1.23450E-02       2.69567E+01    6.87351E+00   -8.43736E-01       2.60620E+02    4.18151E+01   -5.39748E+00
    7.89175E-01   -7.35556E-02    1.24915E-02       2.68140E+01    6.85309E+00   -8.48436E-01       2.59180E+02    4.17417E+01   -5.45093E+00
    7.89654E-01   -7.38894E-02    1.26966E-02       2.66692E+01    6.84283E+00   -8.59659E-01       2.57718E+02    4.17065E+01   -5.52973E+00
    7.90110E-01   -7.41660E-02    1.28785E-02       2.65261E+01    6.82767E+00   -8.68388E-01       2.56279E+02    4.16424E+01   -5.59524E+00
    7.90564E-01   -7.44112E-02    1.30322E-02       2.63856E+01    6.80535E+00   -8.71932E-01       2.54853E+02    4.15423E+01   -5.63280E+00
    7.91022E-01   -7.47053E-02    1.32267E-02       2.62443E+01    6.79067E+00   -8.81293E-01       2.53422E+02    4.14878E+01   -5.70523E+00
    7.91475E-01   -7.49888E-02    1.34176E-02       2.61053E+01    6.77075E+00   -8.87364E-01       2.52003E+02    4.13958E+01   -5.75413E+00
    7.91940E-01   -7.53062E-02    1.36270E-02       2.59656E+01    6.75431E+00   -8.95378E-01       2.50582E+02    4.13185E+01   -5.81283E+00
    7.92374E-01   -7.55470E-02    1.38063E-02       2.58284E+01    6.73247E+00   -9.01510E-01       2.49173E+02    4.12167E+01   -5.86524E+00
    7.92840E-01   -7.58846E-02    1.40318E-02       2.56888E+01    6.72206E+00   -9.13271E-01       2.47749E+02    4.11803E+01   -5.94897E+00
    7.93310E-01   -7.62494E-02    1.42901E-02       2.55516E+01    6.70948E+00   -9.26522E-01       2.46339E+02    4.11276E+01   -6.04038E+00
    7.93778E-01   -7.65852E-02    1.45231E-02       2.54149E+01    6.69456E+00   -9.36641E-01       2.44929E+02    4.10688E+01   -6.11741E+00
    7.94241E-01   -7.69267E-02    1.47592E-02       2.52777E+01    6.68433E+00   -9.49150E-01       2.43515E+02    4.10353E+01   -6.20892E+00
    7.94688E-01   -7.72148E-02    1.49600E-02       2.51437E+01    6.66287E+00   -9.53316E-01       2.42117E+02    4.09425E+01   -6.25562E+00
    7.95124E-01   -7.74521E-02    1.51280E-02       2.50107E+01    6.63802E+00   -9.56286E-01       2.40659E+02    4.08294E+01   -6.29731E+00
    7.95572E-01   -7.77708E-02    1.53636E-02       2.48768E+01    6.62075E+00   -9.65515E-01       2.39198E+02    4.07383E+01   -6.36087E+00
    7.96002E-01   -7.80297E-02    1.55623E-02       2.47456E+01    6.59577E+00   -9.69376E-01       2.37753E+02    4.06063E+01   -6.39663E+00
    7.96453E-01   -7.83312E-02    1.57873E-02       2.46145E+01    6.57205E+00   -9.73910E-01       2.36303E+02    4.04981E+01   -6.44741E+00
    7.96922E-01   -7.86976E-02    1.60538E-02       2.44833E+01    6.55109E+00   -9.80654E-01       2.34857E+02    4.03910E+01   -6.50176E+00
    7.97370E-01   -7.90293E-02    1.63099E-02       2.43529E+01    6.53269E+00   -9.89718E-01       2.33413E+02    4.03104E+01   -6.57774E+00
    7.97816E-01   -7.93752E-02    1.65899E-02       2.42230E+01    6.51678E+00   -1.00236E+00       2.31974E+02    4.02316E+01   -6.66647E+00
    7.98269E-01   -7.97316E-02    1.68596E-02       2.40953E+01    6.49436E+00   -1.00674E+00       2.30547E+02    4.01280E+01   -6.71612E+00
    7.98705E-01   -8.00698E-02    1.71429E-02       2.39669E+01    6.47866E+00   -1.01925E+00       2.29118E+02    4.00470E+01   -6.80139E+00
    7.99131E-01   -8.03325E-02    1.73616E-02       2.38406E+01    6.45306E+00   -1.02287E+00       2.27703E+02    3.99096E+01   -6.83637E+00
    7.99562E-01   -8.06218E-02    1.75974E-02       2.37158E+01    6.42475E+00   -1.02392E+00       2.26296E+02    3.97528E+01   -6.85247E+00
    8.00002E-01   -8.09705E-02    1.78889E-02       2.35895E+01    6.40882E+00   -1.03538E+00       2.24882E+02    3.96742E+01   -6.93685E+00
    8.00428E-01   -8.12402E-02    1.81147E-02       2.34669E+01    6.37865E+00   -1.03513E+00       2.23488E+02    3.95159E+01   -6.95485E+00
    8.00854E-01   -8.15515E-02    1.83851E-02       2.33437E+01    6.35541E+00   -1.04094E+00       2.22095E+02    3.93851E+01   -6.99776E+00
    8.01281E-01   -8.18370E-02    1.86319E-02       2.32207E+01    6.33245E+00   -1.04678E+00       2.20701E+02    3.92668E+01   -7.05041E+00
    8.01713E-01   -8.21658E-02    1.89223E-02       2.30985E+01    6.30984E+00   -1.05333E+00       2.19314E+02    3.91477E+01   -7.10412E+00
    8.02154E-01   -8.25483E-02    1.92670E-02       2.29754E+01    6.29583E+00   -1.06888E+00       2.17921E+02    3.90823E+01   -7.21370E+00
    8.02558E-01   -8.27719E-02    1.94892E-02       2.28569E+01    6.26453E+00   -1.06969E+00       2.16558E+02    3.89114E+01   -7.23490E+00
    8.02985E-01   -8.31271E-02    1.98056E-02       2.27368E+01    6.24599E+00   -1.07929E+00       2.15183E+02    3.88302E+01   -7.31869E+00
    8.03390E-01   -8.33692E-02    2.00364E-02       2.26196E+01    6.21338E+00   -1.07698E+00       2.13833E+02    3.86413E+01   -7.31254E+00
    8.03826E-01   -8.37451E-02    2.03740E-02       2.25009E+01    6.19664E+00   -1.08729E+00       2.12473E+02    3.85632E+01   -7.39651E+00
    8.04250E-01   -8.40965E-02    2.07018E-02       2.23832E+01    6.17797E+00   -1.09613E+00       2.11122E+02    3.84622E+01   -7.46060E+00
    8.04667E-01   -8.44277E-02    2.10212E-02       2.22665E+01    6.15826E+00   -1.10550E+00       2.09780E+02    3.83515E+01   -7.52819E+00
    8.05064E-01   -8.46994E-02    2.13017E-02       2.21509E+01    6.13609E+00   -1.11164E+00       2.08446E+02    3.82347E+01   -7.58329E+00
    8.05479E-01   -8.50430E-02    2.16428E-02       2.20359E+01    6.11619E+00   -1.12083E+00       2.07116E+02    3.81297E+01   -7.65433E+00
    8.05858E-01   -8.52688E-02    2.19079E-02       2.19215E+01    6.09668E+00   -1.13124E+00       2.05793E+02    3.80231E+01   -7.72959E+00
    8.06284E-01   -8.56481E-02    2.22853E-02       2.18080E+01    6.07706E+00   -1.14130E+00       2.04476E+02    3.79157E+01   -7.80197E+00
    8.06707E-01   -8.60000E-02    2.26262E-02       2.16957E+01    6.05262E+00   -1.14597E+00       2.03169E+02    3.77827E+01   -7.84585E+00
    8.07116E-01   -8.63171E-02    2.29628E-02       2.15842E+01    6.02767E+00   -1.15119E+00       2.01873E+02    3.76296E+01   -7.87967E+00
    8.07507E-01   -8.65117E-02    2.31754E-02       2.14742E+01    5.99489E+00   -1.14712E+00       2.00587E+02    3.74283E+01   -7.85440E+00
    8.07906E-01   -8.67995E-02    2.34802E-02       2.13643E+01    5.96857E+00   -1.14923E+00       1.99302E+02    3.72796E+01   -7.87987E+00
    8.08318E-01   -8.71601E-02    2.38559E-02       2.12548E+01    5.94321E+00   -1.15209E+00       1.98021E+02    3.71416E+01   -7.91442E+00
    8.08732E-01   -8.74999E-02    2.42075E-02       2.11453E+01    5.92131E+00   -1.15807E+00       1.96745E+02    3.70075E+01   -7.95292E+00
    8.09126E-01   -8.77780E-02    2.45277E-02       2.10380E+01    5.89203E+00   -1.15971E+00       1.95475E+02    3.68376E+01   -7.97121E+00
    8.09543E-01   -8.81760E-02    2.49599E-02       2.09305E+01    5.86764E+00   -1.16494E+00       1.94213E+02    3.67014E+01   -8.01872E+00
    8.09945E-01   -8.85013E-02    2.53174E-02       2.08243E+01    5.83965E+00   -1.16539E+00       1.92963E+02    3.65348E+01   -8.02596E+00
    8.10340E-01   -8.87897E-02    2.56523E-02       2.07187E+01    5.81112E+00   -1.16642E+00       1.91718E+02    3.63616E+01   -8.03369E+00
    8.10741E-01   -8.91047E-02    2.60000E-02       2.06131E+01    5.78435E+00   -1.16738E+00       1.90477E+02    3.62138E+01   -8.05757E+00
    8.11131E-01   -8.93939E-02    2.63449E-02       2.05098E+01    5.75251E+00   -1.16543E+00       1.89250E+02    3.60330E+01   -8.05972E+00
    8.11539E-01   -8.97517E-02    2.67597E-02       2.04049E+01    5.73140E+00   -1.17423E+00       1.88016E+02    3.59281E+01   -8.14258E+00
    8.11925E-01   -9.00314E-02    2.71099E-02       2.03019E+01    5.70324E+00   -1.17669E+00       1.86801E+02    3.57554E+01   -8.16159E+00
    8.12319E-01   -9.03490E-02    2.74875E-02       2.01995E+01    5.67611E+00   -1.17829E+00       1.85589E+02    3.56005E+01   -8.18214E+00
    8.12739E-01   -9.07799E-02    2.79836E-02       2.00976E+01    5.64942E+00   -1.18109E+00       1.84385E+02    3.54426E+01   -8.20636E+00
    8.13132E-01   -9.11032E-02    2.83765E-02       1.99957E+01    5.62678E+00   -1.18787E+00       1.83184E+02    3.53108E+01   -8.25750E+00
    8.13545E-01   -9.15400E-02    2.88991E-02       1.98940E+01    5.60611E+00   -1.19772E+00       1.81985E+02    3.52053E+01   -8.34225E+00
    8.13939E-01   -9.18916E-02    2.93254E-02       1.97937E+01    5.57981E+00   -1.19907E+00       1.80801E+02    3.50425E+01   -8.35102E+00
    8.14317E-01   -9.21864E-02    2.97182E-02       1.96940E+01    5.55469E+00   -1.20326E+00       1.79623E+02    3.48978E+01   -8.39141E+00
    8.14708E-01   -9.25547E-02    3.01944E-02       1.95945E+01    5.53132E+00   -1.20923E+00       1.78451E+02    3.47519E+01   -8.42675E+00
    8.15113E-01   -9.29630E-02    3.07003E-02       1.94967E+01    5.50309E+00   -1.21114E+00       1.77290E+02    3.45912E+01   -8.45336E+00
    8.15491E-01   -9.32582E-02    3.11093E-02       1.93990E+01    5.47495E+00   -1.21138E+00       1.76134E+02    3.44272E+01   -8.46639E+00
    8.15867E-01   -9.35630E-02    3.15307E-02       1.93027E+01    5.44655E+00   -1.21179E+00       1.75015E+02    3.42658E+01   -8.48362E+00
    8.16239E-01   -9.38729E-02    3.19726E-02       1.92065E+01    5.42191E+00   -1.21635E+00       1.73901E+02    3.41165E+01   -8.51435E+00
    8.16646E-01   -9.42897E-02    3.24975E-02       1.91111E+01    5.39227E+00   -1.21217E+00       1.72796E+02    3.39309E+01   -8.48249E+00
    8.17032E-01   -9.46485E-02    3.29977E-02       1.90170E+01    5.36126E+00   -1.21026E+00       1.71698E+02    3.37618E+01   -8.49800E+00
    8.17399E-01   -9.49335E-02    3.34339E-02       1.89228E+01    5.33395E+00   -1.21245E+00       1.70605E+02    3.36006E+01   -8.52147E+00
    8.17772E-01   -9.52452E-02    3.38898E-02       1.88287E+01    5.30862E+00   -1.21545E+00       1.69509E+02    3.34563E+01   -8.55604E+00
    8.18157E-01   -9.56601E-02    3.44716E-02       1.87349E+01    5.28636E+00   -1.22244E+00       1.68424E+02    3.33318E+01   -8.61756E+00
    8.18535E-01   -9.60228E-02    3.50108E-02       1.86414E+01    5.26327E+00   -1.22764E+00       1.67344E+02    3.31986E+01   -8.65911E+00
    8.18905E-01   -9.62925E-02    3.54123E-02       1.85505E+01    5.22822E+00   -1.21824E+00       1.66284E+02    3.29853E+01   -8.60227E+00
    8.19275E-01   -9.66071E-02    3.58726E-02       1.84588E+01    5.20064E+00   -1.21565E+00       1.65220E+02    3.28237E+01   -8.59903E+00
    8.19657E-01   -9.69924E-02    3.64716E-02       1.83675E+01    5.17842E+00   -1.22432E+00       1.64163E+02    3.26927E+01   -8.66069E+00
    8.20026E-01   -9.73334E-02    3.69955E-02       1.82771E+01    5.15516E+00   -1.23078E+00       1.63114E+02    3.25524E+01   -8.70200E+00
    8.20414E-01   -9.77873E-02    3.76589E-02       1.81854E+01    5.13989E+00   -1.24598E+00       1.62062E+02    3.24567E+01   -8.79688E+00
    8.20789E-01   -9.82459E-02    3.83825E-02       1.80964E+01    5.11496E+00   -1.25129E+00       1.61026E+02    3.23209E+01   -8.85332E+00
    8.21171E-01   -9.85512E-02    3.88000E-02       1.80074E+01    5.08528E+00   -1.24477E+00       1.59996E+02    3.21396E+01   -8.81902E+00
    8.21536E-01   -9.88582E-02    3.92753E-02       1.79199E+01    5.05340E+00   -1.23724E+00       1.58974E+02    3.19767E+01   -8.82250E+00
    8.21851E-01   -9.89226E-02    3.95012E-02       1.78329E+01    5.01977E+00   -1.22683E+00       1.57960E+02    3.17848E+01   -8.78409E+00
    8.22224E-01   -9.93406E-02    4.01617E-02       1.77453E+01    4.99708E+00   -1.23235E+00       1.56946E+02    3.16404E+01   -8.81546E+00
    8.22599E-01   -9.97623E-02    4.08446E-02       1.76577E+01    4.97719E+00   -1.24384E+00       1.55930E+02    3.15218E+01   -8.89294E+00
    8.22961E-01   -1.00137E-01    4.14905E-02       1.75710E+01    4.95708E+00   -1.25553E+00       1.54923E+02    3.13973E+01   -8.96685E+00
    8.23325E-01   -1.00422E-01    4.19540E-02       1.74849E+01    4.93088E+00   -1.25563E+00       1.53929E+02    3.12357E+01   -8.96909E+00
    8.23685E-01   -1.00781E-01    4.25875E-02       1.73987E+01    4.91069E+00   -1.26591E+00       1.52937E+02    3.11065E+01   -9.02739E+00
    8.24061E-01   -1.01258E-01    4.33842E-02       1.73139E+01    4.88779E+00   -1.27369E+00       1.51954E+02    3.09609E+01   -9.06654E+00
    8.24418E-01   -1.01585E-01    4.39561E-02       1.72302E+01    4.85610E+00   -1.26723E+00       1.50981E+02    3.07762E+01   -9.04407E+00
    8.24772E-01   -1.01941E-01    4.46239E-02       1.71453E+01    4.83772E+00   -1.27988E+00       1.50005E+02    3.06666E+01   -9.12901E+00
    8.25119E-01   -1.02257E-01    4.52415E-02       1.70617E+01    4.81347E+00   -1.28452E+00       1.49036E+02    3.05326E+01   -9.17816E+00
    8.25486E-01   -1.02657E-01    4.59437E-02       1.69786E+01    4.78928E+00   -1.28825E+00       1.48075E+02    3.03939E+01   -9.21646E+00
    8.25869E-01   -1.03209E-01    4.68903E-02       1.68955E+01    4.77309E+00   -1.30558E+00       1.47117E+02    3.02873E+01   -9.31377E+00
    8.26229E-01   -1.03568E-01    4.75569E-02       1.68121E+01    4.75236E+00   -1.31249E+00       1.46161E+02    3.01663E+01   -9.37124E+00
    8.26585E-01   -1.03964E-01    4.83189E-02       1.67300E+01    4.73189E+00   -1.32372E+00       1.45216E+02    3.00291E+01   -9.43075E+00
    8.26953E-01   -1.04427E-01    4.91760E-02       1.66483E+01    4.71140E+00   -1.33540E+00       1.44277E+02    2.99230E+01   -9.53575E+00
    8.27308E-01   -1.04793E-01    4.99075E-02       1.65665E+01    4.69547E+00   -1.35335E+00       1.43339E+02    2.98230E+01   -9.64412E+00
    8.27667E-01   -1.05158E-01    5.06114E-02       1.64857E+01    4.67252E+00   -1.36076E+00       1.42410E+02    2.96868E+01   -9.70290E+00
    8.28006E-01   -1.05382E-01    5.10921E-02       1.64058E+01    4.64576E+00   -1.36033E+00       1.41488E+02    2.95354E+01   -9.72427E+00
    8.28384E-01   -1.05933E-01    5.20999E-02       1.63260E+01    4.62381E+00   -1.36910E+00       1.40570E+02    2.94057E+01   -9.79081E+00
    8.28736E-01   -1.06386E-01    5.30342E-02       1.62469E+01    4.60315E+00   -1.38320E+00       1.39658E+02    2.92971E+01   -9.91564E+00
    8.29092E-01   -1.06749E-01    5.37699E-02       1.61673E+01    4.58078E+00   -1.38911E+00       1.38750E+02    2.91554E+01   -9.95079E+00
    8.29417E-01   -1.06975E-01    5.43230E-02       1.60883E+01    4.56311E+00   -1.40458E+00       1.37846E+02    2.90415E+01   -1.00392E+01
    8.29760E-01   -1.07289E-01    5.50010E-02       1.60105E+01    4.53897E+00   -1.41045E+00       1.36951E+02    2.89000E+01   -1.00922E+01
    8.30083E-01   -1.07460E-01    5.54582E-02       1.59333E+01    4.50900E+00   -1.40262E+00       1.36064E+02    2.87235E+01   -1.00642E+01
    8.30422E-01   -1.07901E-01    5.64877E-02       1.58555E+01    4.49270E+00   -1.42169E+00       1.35176E+02    2.86201E+01   -1.01812E+01
    8.30780E-01   -1.08382E-01    5.74660E-02       1.57784E+01    4.47437E+00   -1.43664E+00       1.34294E+02    2.85071E+01   -1.02779E+01
    8.31130E-01   -1.08840E-01    5.84773E-02       1.57005E+01    4.46452E+00   -1.46772E+00       1.33411E+02    2.84387E+01   -1.04608E+01
    8.31483E-01   -1.09238E-01    5.93072E-02       1.56244E+01    4.44198E+00   -1.47252E+00       1.32541E+02    2.82994E+01   -1.04986E+01
    8.31847E-01   -1.09710E-01    6.02952E-02       1.55488E+01    4.41698E+00   -1.47420E+00       1.31676E+02    2.81558E+01   -1.05364E+01
    8.32190E-01   -1.10170E-01    6.13169E-02       1.54727E+01    4.40549E+00   -1.50119E+00       1.30812E+02    2.80750E+01   -1.06937E+01
    8.32532E-01   -1.10542E-01    6.21687E-02       1.53979E+01    4.38681E+00   -1.51794E+00       1.29957E+02    2.79579E+01   -1.07957E+01
    8.32870E-01   -1.10864E-01    6.29416E-02       1.53236E+01    4.36274E+00   -1.52202E+00       1.29108E+02    2.78157E+01   -1.08424E+01
    8.33219E-01   -1.11410E-01    6.42012E-02       1.52487E+01    4.35204E+00   -1.55091E+00       1.28259E+02    2.77388E+01   -1.10046E+01
    8.33567E-01   -1.11902E-01    6.53016E-02       1.51751E+01    4.33419E+00   -1.56782E+00       1.27416E+02    2.76283E+01   -1.11165E+01
